527
   -1.38072E-01
   -1.24069E-01
   -1.23707E-01
   -1.23661E-01
   -1.23648E-01
   -1.23643E-01
   -1.23637E-01
   -1.23629E-01
   -1.23618E-01
   -1.23599E-01
   -1.23568E-01
   -1.23513E-01
   -1.23411E-01
   -1.23205E-01
   -1.18120E-01
   -1.06007E-01
   -5.89950E-02
    6.32192E-02
    1.47314E-01
    1.64156E-01
    1.90764E-01
    1.90764E-01
    1.64156E-01
    1.47314E-01
    6.32193E-02
   -5.89947E-02
   -1.06008E-01
   -1.18120E-01
   -1.21577E-01
   -1.22745E-01
   -1.23205E-01
   -1.23411E-01
   -1.23513E-01
   -1.23568E-01
   -1.23599E-01
   -1.23617E-01
   -1.23629E-01
   -1.23638E-01
   -1.23645E-01
   -1.23659E-01
   -1.23705E-01
   -1.24068E-01
   -1.38071E-01
   -1.41171E-01
   -1.35879E-01
   -1.35490E-01
   -1.35406E-01
   -1.35368E-01
   -1.35337E-01
   -1.35295E-01
   -1.35233E-01
   -1.35135E-01
   -1.34969E-01
   -1.34674E-01
   -1.34115E-01
   -1.32958E-01
   -1.30293E-01
   -1.23294E-01
   -1.02385E-01
   -3.88222E-02
    1.04429E-01
    3.26258E-01
    4.54291E-01
    4.26591E-01
    4.23382E-01
    4.23382E-01
    4.26592E-01
    4.54291E-01
    3.26259E-01
    1.04430E-01
   -3.88216E-02
   -1.02385E-01
   -1.23293E-01
   -1.30292E-01
   -1.32958E-01
   -1.34115E-01
   -1.34675E-01
   -1.34969E-01
   -1.35135E-01
   -1.35235E-01
   -1.35298E-01
   -1.35343E-01
   -1.35388E-01
   -1.35478E-01
   -1.35871E-01
   -1.41164E-01
   -1.38960E-01
   -1.36532E-01
   -1.36175E-01
   -1.36046E-01
   -1.35946E-01
   -1.35822E-01
   -1.35637E-01
   -1.35337E-01
   -1.34827E-01
   -1.33901E-01
   -1.32095E-01
   -1.28230E-01
   -1.18993E-01
   -9.45785E-02
   -3.24570E-02
    8.30798E-02
    2.64177E-01
    5.16838E-01
    6.41809E-01
    5.40777E-01
    4.15755E-01
    4.15755E-01
    5.40778E-01
    6.41810E-01
    5.16840E-01
    2.64179E-01
    8.30817E-02
   -3.24558E-02
   -9.45776E-02
   -1.18992E-01
   -1.28230E-01
   -1.32095E-01
   -1.33901E-01
   -1.34828E-01
   -1.35339E-01
   -1.35641E-01
   -1.35832E-01
   -1.35971E-01
   -1.36124E-01
   -1.36497E-01
   -1.38935E-01
   -1.37796E-01
   -1.36393E-01
   -1.36021E-01
   -1.35776E-01
   -1.35484E-01
   -1.35048E-01
   -1.34335E-01
   -1.33092E-01
   -1.30778E-01
   -1.26104E-01
   -1.15727E-01
   -9.08167E-02
   -3.52359E-02
    5.36922E-02
    1.79722E-01
    3.63543E-01
    6.07855E-01
    6.86854E-01
    4.85105E-01
    3.17733E-01
    3.17733E-01
    4.85106E-01
    6.86856E-01
    6.07858E-01
    3.63547E-01
    1.79725E-01
    5.36948E-02
   -3.52328E-02
   -9.08152E-02
   -1.15726E-01
   -1.26104E-01
   -1.30779E-01
   -1.33094E-01
   -1.34340E-01
   -1.35059E-01
   -1.35510E-01
   -1.35849E-01
   -1.36277E-01
   -1.37716E-01
   -1.37090E-01
   -1.36037E-01
   -1.35490E-01
   -1.34885E-01
   -1.33982E-01
   -1.32478E-01
   -1.29785E-01
   -1.24597E-01
   -1.13742E-01
   -8.96147E-02
   -4.10124E-02
    2.80350E-02
    1.16826E-01
    2.35130E-01
    3.98106E-01
    5.92206E-01
    5.79278E-01
    3.63431E-01
    2.44948E-01
    2.44948E-01
    3.63433E-01
    5.79282E-01
    5.92212E-01
    3.98113E-01
    2.35136E-01
    1.16832E-01
    2.80413E-02
   -4.10074E-02
   -8.96116E-02
   -1.13741E-01
   -1.24598E-01
   -1.29790E-01
   -1.32488E-01
   -1.34006E-01
   -1.34949E-01
   -1.35690E-01
   -1.36859E-01
   -1.35908E-01
   -1.34721E-01
   -1.33549E-01
   -1.31807E-01
   -1.28837E-01
   -1.23348E-01
   -1.12409E-01
   -8.95712E-02
   -4.72287E-02
    7.27519E-03
    7.16734E-02
    1.49485E-01
    2.44144E-01
    3.54658E-01
    4.49957E-01
    4.21899E-01
    2.79515E-01
    1.99279E-01
    1.99280E-01
    2.79517E-01
    4.21904E-01
    4.49966E-01
    3.54669E-01
    2.44156E-01
    1.49498E-01
    7.16855E-02
    7.28713E-03
   -4.72186E-02
   -8.95652E-02
   -1.12408E-01
   -1.23353E-01
   -1.28857E-01
   -1.31859E-01
   -1.33701E-01
   -1.35263E-01
   -1.33340E-01
   -1.31138E-01
   -1.27905E-01
   -1.22245E-01
   -1.11452E-01
   -9.00652E-02
   -5.30677E-02
   -9.36414E-03
    3.85215E-02
    9.12836E-02
    1.46596E-01
    1.94754E-01
    2.17145E-01
    2.76914E-01
    3.15558E-01
    2.27570E-01
    1.70056E-01
    1.70057E-01
    2.27574E-01
    3.15566E-01
    2.76926E-01
    2.17160E-01
    1.94771E-01
    1.46615E-01
    9.13039E-02
    3.85429E-02
   -9.34264E-03
   -5.30497E-02
   -9.00554E-02
   -1.11458E-01
   -1.22279E-01
   -1.28013E-01
   -1.31499E-01
   -1.27262E-01
   -1.21365E-01
   -1.10802E-01
   -9.08483E-02
   -5.83353E-02
   -2.28084E-02
    1.34844E-02
    5.00603E-02
    8.25146E-02
    9.86781E-02
    7.79464E-02
    7.02993E-02
    1.62569E-01
    2.48679E-01
    1.94025E-01
    1.50602E-01
    1.50604E-01
    1.94031E-01
    2.48690E-01
    1.62584E-01
    7.03150E-02
    7.79648E-02
    9.87023E-02
    8.25442E-02
    5.00950E-02
    1.35223E-02
   -2.27708E-02
   -5.83042E-02
   -9.08426E-02
   -1.10855E-01
   -1.21586E-01
   -1.10540E-01
   -9.18316E-02
   -6.30378E-02
   -3.38115E-02
   -5.91467E-03
    1.97558E-02
    3.83020E-02
    3.80481E-02
    1.63024E-03
   -3.42892E-02
   -2.02808E-02
    9.05288E-02
    2.04463E-01
    1.71217E-01
    1.37151E-01
    1.37154E-01
    1.71225E-01
    2.04477E-01
    9.05485E-02
   -2.02627E-02
   -3.42708E-02
    1.65424E-03
    3.80841E-02
    3.83488E-02
    1.98133E-02
   -5.84938E-03
   -3.37450E-02
   -6.29952E-02
   -9.18975E-02
   -6.72635E-02
   -4.29336E-02
   -2.12759E-02
   -3.21794E-03
    6.49610E-03
   -2.44374E-03
   -4.32555E-02
   -8.40518E-02
   -9.79464E-02
   -7.48279E-02
    4.25295E-02
    1.73621E-01
    1.55011E-01
    1.27531E-01
    1.27533E-01
    1.55021E-01
    1.73641E-01
    4.25540E-02
   -7.48078E-02
   -9.79308E-02
   -8.40349E-02
   -4.32263E-02
   -2.39099E-03
    6.57158E-03
   -3.12080E-03
   -2.11646E-02
   -4.28375E-02
   -3.36605E-02
   -2.10705E-02
   -1.71681E-02
   -3.07810E-02
   -7.15733E-02
   -1.10241E-01
   -1.28966E-01
   -1.33957E-01
   -1.10102E-01
    8.72983E-03
    1.51144E-01
    1.43069E-01
    1.20441E-01
    1.20445E-01
    1.43083E-01
    1.51170E-01
    8.76200E-03
   -1.10078E-01
   -1.33942E-01
   -1.28955E-01
   -1.10228E-01
   -7.15405E-02
   -3.07056E-02
   -1.70481E-02
   -2.09125E-02
   -3.52575E-02
   -5.13681E-02
   -9.04571E-02
   -1.25310E-01
   -1.42905E-01
   -1.52818E-01
   -1.56227E-01
   -1.34450E-01
   -1.61477E-02
    1.34177E-01
    1.34002E-01
    1.15078E-01
    1.15084E-01
    1.34021E-01
    1.34212E-01
   -1.61064E-02
   -1.34422E-01
   -1.56213E-01
   -1.52814E-01
   -1.42909E-01
   -1.25313E-01
   -9.04305E-02
   -5.12707E-02
   -1.03636E-01
   -1.34582E-01
   -1.49802E-01
   -1.59191E-01
   -1.66878E-01
   -1.71112E-01
   -1.52131E-01
   -3.51071E-02
    1.21005E-01
    1.26946E-01
    1.10931E-01
    1.10938E-01
    1.26969E-01
    1.21050E-01
   -3.50544E-02
   -1.52098E-01
   -1.71100E-01
   -1.66883E-01
   -1.59213E-01
   -1.49843E-01
   -1.34642E-01
   -1.53456E-01
   -1.61251E-01
   -1.68309E-01
   -1.75938E-01
   -1.81670E-01
   -1.65484E-01
   -4.99595E-02
    1.10544E-01
    1.21340E-01
    1.07662E-01
    1.07671E-01
    1.21372E-01
    1.10603E-01
   -4.98912E-02
   -1.65445E-01
   -1.81661E-01
   -1.75955E-01
   -1.68355E-01
   -1.61340E-01
   -1.67313E-01
   -1.73947E-01
   -1.82188E-01
   -1.89508E-01
   -1.75882E-01
   -6.18535E-02
    1.02080E-01
    1.16810E-01
    1.05042E-01
    1.05055E-01
    1.16851E-01
    1.02156E-01
   -6.17671E-02
   -1.75836E-01
   -1.89503E-01
   -1.82222E-01
   -1.74027E-01
   -1.77716E-01
   -1.86734E-01
   -1.95537E-01
   -1.84178E-01
   -7.15496E-02
    9.51289E-02
    1.13097E-01
    1.02915E-01
    1.02931E-01
    1.13150E-01
    9.52271E-02
   -7.14397E-02
   -1.84124E-01
   -1.95541E-01
   -1.86793E-01
   -1.90187E-01
   -2.00308E-01
   -1.90925E-01
   -7.95665E-02
    8.93495E-02
    1.10016E-01
    1.01165E-01
    1.01185E-01
    1.10085E-01
    8.94756E-02
   -7.94266E-02
   -1.90862E-01
   -2.00326E-01
   -2.04173E-01
   -1.96500E-01
   -8.62712E-02
    8.44950E-02
    1.07434E-01
    9.97092E-02
    9.97359E-02
    1.07522E-01
    8.46576E-02
   -8.60929E-02
   -1.96428E-01
   -2.01166E-01
   -9.19291E-02
    8.03850E-02
    1.05251E-01
    9.84859E-02
    9.85201E-02
    1.05363E-01
    8.05945E-02
   -9.17010E-02
   -9.67356E-02
    7.68838E-02
    1.03390E-01
    9.74461E-02
    9.74902E-02
    1.03534E-01
    7.71544E-02
    7.38885E-02
    1.01792E-01
    9.65532E-02
    9.66099E-02
    1.01977E-01
    1.00411E-01
    9.57764E-02
    9.58485E-02
    9.50908E-02
