527
   -4.56289E+00
    2.09601E-01
    3.79097E+00
    4.40334E+00
    2.24506E+00
    7.15943E-02
   -1.67535E+00
   -2.19220E+00
   -2.07955E+00
   -9.79592E-01
   -1.91393E-02
    2.43469E+00
    5.47396E+00
    7.50074E+00
   -5.46990E+00
   -2.07870E+01
   -2.89948E+01
   -1.83610E+01
   -8.95599E+00
    1.02197E+01
    2.49017E+01
    2.50218E+01
    1.03105E+01
   -8.84097E+00
   -1.84687E+01
   -2.90656E+01
   -2.17734E+01
   -6.78206E+00
    2.56053E+00
    6.00394E+00
    6.02040E+00
    4.20527E+00
    2.08523E+00
    3.61892E-01
   -1.18066E+00
   -2.15997E+00
   -2.31270E+00
   -1.02870E+00
    1.15217E+00
    3.98645E+00
    4.50795E+00
    1.15920E+00
   -4.32217E+00
   -5.73134E+00
   -3.56213E+00
   -1.82544E+00
    1.53163E+00
    3.36045E+00
    5.18617E+00
    6.30223E+00
    7.06906E+00
    6.41763E+00
    3.81597E+00
   -9.23375E-01
   -7.13793E+00
   -1.41972E+01
   -2.19469E+01
   -3.09767E+01
   -3.98636E+01
   -3.60635E+01
   -8.75123E+00
    1.96500E+01
    2.49534E+01
    2.58548E+01
    2.76688E+01
    2.75584E+01
    2.54583E+01
    2.42857E+01
    1.85433E+01
   -1.00511E+01
   -3.71507E+01
   -4.10828E+01
   -3.22497E+01
   -2.29296E+01
   -1.46810E+01
   -6.97489E+00
   -3.71750E-01
    4.58883E+00
    6.80752E+00
    6.87105E+00
    6.12047E+00
    4.61523E+00
    2.77553E+00
   -6.66278E-01
   -2.76245E+00
   -4.88592E+00
   -1.95408E+00
   -1.66544E+00
    1.15076E+00
    5.46303E+00
    8.43672E+00
    1.01007E+01
    9.90647E+00
    7.55852E+00
    1.50138E+00
   -7.29539E+00
   -1.66476E+01
   -2.59046E+01
   -3.42243E+01
   -4.09345E+01
   -3.54784E+01
   -1.39033E+01
    1.52060E+01
    4.38245E+01
    4.77763E+01
    3.68517E+01
    2.34312E+01
    2.33820E+01
    3.64008E+01
    4.68300E+01
    4.21716E+01
    1.39246E+01
   -1.48015E+01
   -3.62912E+01
   -4.16442E+01
   -3.49593E+01
   -2.59138E+01
   -1.60986E+01
   -5.93367E+00
    2.82436E+00
    8.04240E+00
    9.87100E+00
    9.32356E+00
    7.06077E+00
    2.89523E+00
   -4.61293E-01
   -4.60468E-01
    7.51875E-01
    1.05462E+00
    3.06925E+00
    6.48684E+00
    8.07377E+00
    7.52292E+00
    3.72114E+00
   -3.94441E+00
   -1.35172E+01
   -2.27323E+01
   -3.04052E+01
   -3.41681E+01
   -2.82260E+01
   -1.19027E+01
    7.00087E+00
    3.20343E+01
    5.90637E+01
    5.59180E+01
    2.63269E+01
    2.92010E+00
    2.93590E+00
    2.60509E+01
    5.50534E+01
    5.77351E+01
    3.10559E+01
    6.47287E+00
   -1.22368E+01
   -2.88134E+01
   -3.50420E+01
   -3.04601E+01
   -2.18839E+01
   -1.17759E+01
   -2.05695E+00
    4.45625E+00
    7.06617E+00
    6.63117E+00
    3.84541E+00
    1.72369E+00
    2.04815E+00
    1.07176E+00
    1.68384E-01
    1.21154E+00
    3.02378E+00
    2.48120E+00
   -1.27492E+00
   -8.47061E+00
   -1.70838E+01
   -2.44157E+01
   -2.77461E+01
   -2.07994E+01
   -6.85773E+00
    6.67326E+00
    2.20790E+01
    4.45784E+01
    6.28146E+01
    3.86729E+01
    2.06347E+00
   -1.24343E+01
   -1.23749E+01
    1.92314E+00
    3.83027E+01
    6.20004E+01
    4.40458E+01
    2.19366E+01
    6.42841E+00
   -7.46325E+00
   -2.16366E+01
   -2.77521E+01
   -2.33679E+01
   -1.49700E+01
   -6.30700E+00
   -4.94381E-01
    1.54990E+00
    5.92850E-01
   -3.51899E-01
    1.14138E+00
   -1.47860E+00
   -3.05425E+00
   -2.91055E+00
   -2.70327E+00
   -4.98373E+00
   -1.04455E+01
   -1.69787E+01
   -2.04454E+01
   -1.51909E+01
   -3.07340E+00
    7.67467E+00
    1.86505E+01
    3.24027E+01
    4.69023E+01
    4.20833E+01
    9.62713E+00
   -1.27572E+01
   -2.01558E+01
   -2.00613E+01
   -1.26208E+01
    9.62691E+00
    4.16968E+01
    4.67640E+01
    3.23659E+01
    1.83692E+01
    7.12471E+00
   -3.69770E+00
   -1.48360E+01
   -1.90850E+01
   -1.46051E+01
   -8.22403E+00
   -4.50256E+00
   -4.10390E+00
   -4.26485E+00
   -2.01339E+00
   -3.12216E+00
   -6.21914E+00
   -6.20991E+00
   -6.55434E+00
   -9.54403E+00
   -1.22229E+01
   -8.43914E+00
    1.73016E-01
    8.53830E+00
    1.62587E+01
    2.54085E+01
    3.31806E+01
    2.87172E+01
    1.12229E+01
   -7.40889E+00
   -1.83295E+01
   -2.17893E+01
   -2.15380E+01
   -1.79872E+01
   -7.24357E+00
    1.09781E+01
    2.85943E+01
    3.31212E+01
    2.51989E+01
    1.59092E+01
    8.28771E+00
    9.93074E-01
   -6.61508E+00
   -9.69030E+00
   -7.47295E+00
   -6.36852E+00
   -6.50256E+00
   -3.33485E+00
   -3.14594E+00
   -5.02212E+00
   -5.54530E+00
   -4.93927E+00
   -1.06044E+00
    5.32061E+00
    1.02641E+01
    1.53937E+01
    2.07051E+01
    2.44765E+01
    1.82402E+01
    4.26465E+00
   -7.54872E+00
   -1.50008E+01
   -1.82117E+01
   -1.87850E+01
   -1.85237E+01
   -1.78224E+01
   -1.48726E+01
   -8.03970E+00
    3.87951E+00
    1.81423E+01
    2.44510E+01
    2.07185E+01
    1.55759E+01
    1.15455E+01
    7.48551E+00
    1.62239E+00
   -2.91572E+00
   -3.55633E+00
   -2.27906E+00
   -9.07070E-01
    2.33245E-01
    5.10653E+00
    1.09937E+01
    1.41813E+01
    1.62624E+01
    1.89559E+01
    1.94018E+01
    1.25380E+01
    1.00381E+00
   -9.65167E+00
   -1.75883E+01
   -1.75526E+01
   -1.49324E+01
   -1.30631E+01
   -1.28872E+01
   -1.47415E+01
   -1.77590E+01
   -1.84859E+01
   -1.03312E+01
    8.36706E-01
    1.27323E+01
    1.97997E+01
    1.95671E+01
    1.78602E+01
    1.65422E+01
    1.36572E+01
    6.35925E+00
    1.69652E+00
    5.69417E+00
    1.16750E+01
    1.64214E+01
    1.92788E+01
    1.92655E+01
    1.79181E+01
    1.02908E+01
    8.92467E-01
   -7.19125E+00
   -1.65529E+01
   -2.29914E+01
   -1.76151E+01
   -1.03850E+01
   -6.57436E+00
   -6.51129E+00
   -1.06024E+01
   -1.83297E+01
   -2.42657E+01
   -1.74584E+01
   -7.40585E+00
    1.20362E+00
    1.09588E+01
    1.87977E+01
    2.10489E+01
    1.91200E+01
    1.55240E+01
    1.04876E+01
    1.18848E+01
    1.52540E+01
    1.72082E+01
    1.71108E+01
    1.09306E+01
    2.56939E+00
   -3.34879E+00
   -1.01713E+01
   -1.97062E+01
   -2.56197E+01
   -1.66232E+01
   -6.05662E+00
   -8.02116E-01
   -9.27075E-01
   -6.65807E+00
   -1.77608E+01
   -2.72223E+01
   -2.07622E+01
   -1.04350E+01
   -3.02927E+00
    3.25496E+00
    1.10635E+01
    1.59713E+01
    1.59624E+01
    1.35880E+01
    1.22939E+01
    1.27049E+01
    9.10568E+00
    4.65547E+00
    5.52745E-01
   -3.98534E+00
   -1.06048E+01
   -2.05934E+01
   -2.66047E+01
   -1.53714E+01
   -2.77795E+00
    3.28206E+00
    3.08226E+00
   -3.57742E+00
   -1.67237E+01
   -2.84159E+01
   -2.18136E+01
   -1.09699E+01
   -3.49976E+00
    9.07596E-01
    4.60453E+00
    9.05694E+00
    1.17181E+01
    8.04804E+00
    5.47042E+00
    3.16460E+00
    7.04952E-01
   -2.49265E+00
   -8.27387E+00
   -1.83400E+01
   -2.53002E+01
   -1.39880E+01
   -7.90822E-01
    5.45928E+00
    5.28390E+00
   -1.48726E+00
   -1.49000E+01
   -2.60068E+01
   -1.85142E+01
   -8.13131E+00
   -2.30060E+00
    8.27111E-01
    3.46243E+00
    5.87765E+00
    4.74483E+00
    3.30906E+00
    1.29537E+00
   -9.83980E-01
   -5.50589E+00
   -1.40713E+01
   -2.04624E+01
   -1.10741E+01
   -2.54480E-02
    5.11741E+00
    5.03335E+00
   -4.36126E-01
   -1.16226E+01
   -2.08522E+01
   -1.41861E+01
   -5.58019E+00
   -1.04215E+00
    1.54404E+00
    3.60308E+00
    3.59191E+00
    2.12501E+00
    1.56714E-01
   -3.52981E+00
   -1.08927E+01
   -1.67946E+01
   -9.22585E+00
   -6.24946E-02
    4.18344E+00
    4.15537E+00
   -2.83800E-01
   -9.48230E+00
   -1.68936E+01
   -1.09424E+01
   -3.67388E+00
    2.25025E-01
    2.35343E+00
    2.74296E+00
    1.11599E+00
   -2.28145E+00
   -8.75897E+00
   -1.41904E+01
   -8.04236E+00
   -3.32455E-01
    3.24263E+00
    3.22824E+00
   -4.76003E-01
   -8.14192E+00
   -1.40723E+01
   -8.64295E+00
   -2.15712E+00
    1.26843E+00
    1.71605E+00
   -1.34743E+00
   -7.31283E+00
   -1.22977E+01
   -7.21817E+00
   -6.15670E-01
    2.45905E+00
    2.43167E+00
   -7.57558E-01
   -7.25628E+00
   -1.19861E+01
   -6.80974E+00
   -9.87440E-01
   -6.98255E-01
   -6.03992E+00
   -1.07644E+01
   -6.57225E+00
   -8.60928E-01
    1.81718E+00
    1.76766E+00
   -1.03167E+00
   -6.54371E+00
   -1.01133E+01
   -5.24999E+00
   -4.88515E+00
   -9.23926E+00
   -5.97002E+00
   -1.06665E+00
    1.26435E+00
    1.19512E+00
   -1.22056E+00
   -5.70907E+00
   -8.32118E+00
   -7.76021E+00
   -5.22427E+00
   -1.20418E+00
    7.71985E-01
    7.28995E-01
   -1.17291E+00
   -4.75000E+00
   -4.42871E+00
   -1.14986E+00
    4.02078E-01
    4.93615E-01
   -9.32853E-01
   -9.64261E-01
    3.70192E-01
    4.82359E-01
    5.65854E-01
